"Name","Branch (select from List)","LONG SLEEVES","","","SHORT SLEEVES","",""
"","","L/S Size","L/S Owned","L/S Needed","S/S Size","S/S Owned","S/S Needed"
"Ern","FAC","42R","1","0","42R","0","1"
"Ern","IMD","38R","2","1","38R","1","0"
"Ern","FV","46R","1","0","46R","1","0"
"Ern","DOM","40R","1","1","40R","1","1"
"Ern","FAC","44R","1","0","44R","2","0"
"Ern","FAC","46R","0","1","46R","0","1"
"Ern","DOM","46L","1","1","46L","2","0"
"Ern","DOM","46R","2","0","46R","0","2"
"Ern","PSC","40R","2","0","40R","1","1"
"Ern","FAC","38L","1","0","38R","1","0"
"Ern","PSC","38R","1","1","38R","1","1"
"Ern","PSC","48L","2","0","48L","3","0"
"Ern","MI","50R","1","0","50R","1","0"
"Ern","DOM","40R","1","1","40R","1","1"
"Ern","FAC","40R","2","1","40R","0","1"
"Ern","WWM","44R","2","1","44R","2","0"
"Ern","FAC","42R","1","0","42R","1","0"
"Ern","FV","44R","0","1","44R","0","1"
"Ern","WWM","36R","1","0","36R","1","0"
"Ern","PSC","40R","1","1","40R","1","1"
"Ern","IMD","44L","0","1","44L","0","1"
"Ern","FAC","42L","0","1","42L","2","0"
"Ern","PSC","36R","1","1","36R","2","0"
"Ern","PSC","36R","1","1","36R","1","1"
"Ern","MI","40R","1","0","40R","0","1"
"Ern","DOM","42R","3","1","42R","2","0"
"Ern","PSC","44R","0","2","44R","1","1"
"Ern","DOM","46R","2","0","46R","2","0"
"Ern","IO","46R","0","1","46R","0","1"
"Ern","IMD","46L","2","1","48L","2","0"
"Ern","IO","36R","2","1","36R","2","0"
"Ern","IO","42L","2","1","42S","2","0"
"Ern","DOM","48R","0","2","48R","2","0"
"Ern","IO","42R","1","0","42R","1","0"
"Ern","DOM","44R","2","0","44R","2","0"
"Ern","FV","52R","0","1","52R","0","1"
"Ern","DOM","44R","1","1","44R","1","1"
"TOTAL","","","42","25","","42","18"
